                                                                                
      8881098 89901                                                             
     88 8909888854321098765432109876543210987654321098                          
                          1                  1111110988                         
              8           0                  0000110999                         
              9           9                  9990110000                         
              00          8                  8887654321098 888                  
               21098                                                            
                    8     8                  8               8                  
                          9                  8           10988                  
               @    888  09888                           1098                   
                      8  098 8               8           00988                  
                       8 09888               99987654321099988                  
                       95       88654321098 88           9888                   
                        54321098                         98 88                  
                                    65432109888          98888                  
                                    7654321098           1098                   
                                                                                
                                                                                
                                                                                
                                                                                
