                                                                                
                                                                                
                   898 8                                        999988          
              9998888  8                                      8899888           
              888098   098                                   8  098 88          
              8 89988     889012321098883210987654321098 8998888998889988       
                    543210987654321098                    098       1098 8999   
                             6543210988                   9         109888988   
                             6543210988                   8         10988898    
                             654321098                   8 888      1098 8988   
               @             6543210988                  8888                   
                             654321098                   10988                  
                             6543210988                  8888                   
                             987654321098                8 888                  
                                         8               88888                  
                                         8               1098                   
                                                         9                      
                                         8890121098889010988                    
                                            4321098   21098                     
                                                                                
                                                                                
